lat_north = 24.7889
lat_south = 24.7876
lon_east  = 121.001425
lon_west  = 120.998816
datum_lat = 24.788849
datum_lon = 121.000260
//datum_lat = 43.824000
//datum_lon = -70.330000
